2832112211
2832036974
2831962783
2831918164
2831866118
2831737291
2831657596
2831566413
2831392646
2831265624
2829954318
2829894984
2829815586
2829773792
2829658696
2829560626
2829359016
2829238708
2823856669
2823859767
2823790274
2823803700
2823734630
2823740621
2823694085
2823643177
2823641611
2823591515
2823584846
2823499921
2823495438
2823424811
2823417053
2823342211
2823269532
2823227159
2823228066
2823119377
2823128673
2823125045
2823111077
2822993831
2822991559
2822992109
2822992967
2821348805
2821319491
2821280690
2821261015
2821196526
2821154248
2821126393
2821083601
2821032949
2821010405
2820936252
2820818740
2820788156
2820716541
2820635559
2820588457
2820559380
2820548438
2820435986
2820469075
2820449640
2820436440


